{"effects":{"FlatSandMaterial-effect":{"meta":{"normals":true},"parameters":{"diffuse":"terrain_png","index_of_refraction":1},"type":"lambert"}},"geometries":{"FlatSandMesh":{"inputs":{"NORMAL":{"offset":1,"source":"FlatSandMesh-mesh-normals"},"POSITION":{"offset":0,"source":"FlatSandMesh-mesh-positions"},"TEXCOORD0":{"offset":0,"source":"FlatSandMesh-mesh-map-0"}},"meta":{"graphics":true},"sources":{"FlatSandMesh-mesh-map-0":{"data":[0.048144,0.701579,0.0141988,0.701579,0.0141988,0.735524,0.048144,0.735524],"max":[0.048144,0.735524],"min":[0.0141988,0.701579],"stride":2},"FlatSandMesh-mesh-normals":{"data":[0,0,1],"max":[0,0,1],"min":[0,0,1],"stride":3},"FlatSandMesh-mesh-positions":{"data":[-0.8,-0.8,1,0.799999,-0.800001,1,0.8,0.799999,1,-0.8,0.8,1],"max":[0.8,0.8,1],"min":[-0.8,-0.800001,1],"stride":3}},"surfaces":{"FlatSandMaterial":{"numPrimitives":2,"triangles":[0,0,1,0,2,0,0,0,2,0,3,0]}}}},"images":{"terrain_png":"textures/terrain.dds"},"lights":{"Lamp":{"color":[1,1,1],"radius":298.499,"type":"point"},"Lamp.001":{"color":[1,1,1],"radius":298.499,"type":"point"},"Lamp.002":{"color":[1,1,1],"radius":298.499,"type":"point"},"Lamp.003":{"color":[1,1,1],"radius":298.499,"type":"point"}},"materials":{"FlatSandMaterial":{"effect":"FlatSandMaterial-effect"}},"nodes":{"Camera":{"camera":"Camera-camera","matrix":[0.685881,-0.0108168,-0.727634,-0.31737,0.895343,-0.312469,0.654862,0.445245,0.610666,7.48113,5.34366,6.50764]},"FlatSand":{"geometryinstances":{"FlatSandMesh":{"geometry":"FlatSandMesh","material":"FlatSandMaterial","surface":"FlatSandMaterial"}},"matrix":[0.625,0,0,0,0,-0.625,0,0.5,0,0,0,0]},"Lamp":{"lightinstances":{"Lamp-light":{"light":"Lamp"}},"matrix":[-0.290864,-0.055189,-0.955171,-0.771101,0.604525,0.199883,0.566393,0.794672,-0.218391,4.07625,5.90386,-1.00545]},"Lamp_001":{"lightinstances":{"Lamp_001-light":{"light":"Lamp.001"}},"matrix":[-0.290864,-0.055189,-0.955171,-0.771101,0.604525,0.199883,0.566393,0.794672,-0.218391,-2.93273,5.5973,-3.37152]},"Lamp_002":{"lightinstances":{"Lamp_002-light":{"light":"Lamp.002"}},"matrix":[-0.290864,-0.055189,-0.955171,-0.771101,0.604525,0.199883,0.566393,0.794672,-0.218391,-1.77224,1.36657,1.48225]},"Lamp_003":{"lightinstances":{"Lamp_003-light":{"light":"Lamp.003"}},"matrix":[-0.290864,-0.055189,-0.955171,-0.771101,0.604525,0.199883,0.566393,0.794672,-0.218391,1.14413,-5.12487,-1.35912]}},"version":1}
